7503
14168
5214
21607
22573
7320
21594
26790
32490
27992
24944
11144
8436
32753
15880
12845
22206
5428
13101
1074
29156
22548
5047
28345
29870
23433
12641
24594
28733
18436
13805
23986
29615
201
16406
31079
22936
3969
30656
27692
23004
4041
1362
609
13401
31071
20507
22236
8959
15524
28054
16723
14717
17128
6313
9162
13136
25314
3994
19049
26671
8126
8342
4823
31395
26791
15877
22368
27908
20618
10855
22171
30117
14361
30044
11159
31545
3567
1929
14893
26520
24236
31246
20948
16529
9070
5025
24554
7798
25810
21251
9952
18123
20045
10860
17008
28354
7340
4620
261
