15118
15537
5366
15398
8824
12647
7153
29593
22282
1279
9997
25493
20604
7771
31409
9754
32395
32129
20728
32175
377
21713
7536
11034
17091
7147
6525
29503
13849
17010
27149
3465
16725
29960
3494
10874
17916
11590
25516
15912
28888
30539
29790
27165
21117
15513
5443
6475
14579
24292
27189
23773
13514
23620
7145
37
4851
13263
856
2685
19175
9730
24064
27761
684
3825
8218
8232
15188
13179
21757
23940
14820
14547
26164
24675
17203
20061
31661
12173
22401
5330
1227
11944
11615
16970
7420
26918
19461
1931
27114
15844
19048
31005
32628
16859
10283
12800
23521
13523
